0 0.87841 0.301253 0.0348026 0.0341517
0 0.314057 0.879072 0.0343411 0.0342578
0 0.121679 0.687143 0.0353274 0.0350733
0 0.877322 0.120134 0.0334276 0.0342532
0 0.123752 0.87841 0.0343429 0.0343041
0 0.120744 0.302199 0.0350237 0.0342534
0 0.312506 0.122233 0.0342138 0.0346848
0 0.504896 0.120715 0.0343939 0.0354412
0 0.696653 0.878265 0.0334265 0.0335519
0 0.121747 0.495263 0.0349981 0.0343493
0 0.878866 0.494162 0.033827 0.0340329
0 0.121544 0.122242 0.0349197 0.0340678
0 0.697717 0.120477 0.0336973 0.0344156
0 0.50639 0.878017 0.0336924 0.0344422
0 0.878324 0.876642 0.0326634 0.0335857
0 0.880531 0.685842 0.0343689 0.0344154
