0 0.314426 0.878473 0.0341761 0.0342911
0 0.12336 0.687204 0.0353622 0.0348265
0 0.876188 0.30299 0.035133 0.0347371
0 0.876551 0.121253 0.0351414 0.0349561
0 0.313354 0.125417 0.0350832 0.03515
0 0.122801 0.123991 0.0354653 0.0354181
0 0.123398 0.496199 0.0354716 0.0350433
0 0.876617 0.495231 0.0346704 0.0343698
0 0.124675 0.878079 0.0350891 0.0345974
0 0.504735 0.123201 0.0345442 0.0350588
0 0.505462 0.878183 0.0341747 0.0348511
0 0.87794 0.87693 0.0350051 0.0349163
0 0.696136 0.122918 0.0348488 0.0349228
0 0.695509 0.877532 0.0344913 0.0344036
0 0.122699 0.304703 0.0355037 0.0347603
0 0.878399 0.68541 0.0349464 0.0346483
