0 0.877129 0.120462 0.0336752 0.0345295
0 0.878286 0.301315 0.0344258 0.0336967
0 0.121905 0.686917 0.0353327 0.0350267
0 0.314045 0.879031 0.0339079 0.0341678
0 0.123734 0.878392 0.0341677 0.0344059
0 0.122407 0.495304 0.0346936 0.0338056
0 0.121498 0.122097 0.0342523 0.0341534
0 0.697483 0.120273 0.0341097 0.0340768
0 0.312394 0.122197 0.0342892 0.0349239
0 0.504928 0.120218 0.0346939 0.0351104
0 0.697114 0.878596 0.033485 0.0330959
0 0.120634 0.302353 0.0343235 0.0343502
0 0.506238 0.878398 0.0334404 0.0337253
0 0.879663 0.493763 0.034242 0.0347167
0 0.878901 0.876592 0.0340206 0.0339622
0 0.880756 0.68569 0.0338297 0.0343058
