0 0.877257 0.875733 0.0333731 0.0348278
0 0.314921 0.87613 0.0339933 0.0341476
0 0.8755 0.302756 0.034962 0.0342726
0 0.125555 0.876531 0.0342588 0.0342423
0 0.124644 0.686106 0.035428 0.0347259
0 0.876402 0.120922 0.0350052 0.0345121
0 0.875266 0.494172 0.0344841 0.0334106
0 0.313624 0.125823 0.0340208 0.0343909
0 0.694383 0.875399 0.0335195 0.0340256
0 0.124878 0.495579 0.0355366 0.0342431
0 0.505245 0.875411 0.0338463 0.0343021
0 0.504423 0.123859 0.034507 0.0350182
0 0.876838 0.684407 0.0339443 0.0338195
0 0.122738 0.124108 0.0353571 0.0347333
0 0.695506 0.123146 0.0343977 0.034847
0 0.123714 0.304576 0.035804 0.0342545
