0 0.314436 0.876862 0.0336272 0.0337738
0 0.8758 0.494281 0.035233 0.0341699
0 0.875943 0.302237 0.0353438 0.0340606
0 0.123805 0.686481 0.0352583 0.0349736
0 0.877235 0.876051 0.0337022 0.0347675
0 0.694271 0.875846 0.034053 0.0336533
0 0.125066 0.876762 0.0343173 0.0339413
0 0.50457 0.12339 0.0340769 0.0353148
0 0.505126 0.876356 0.0340357 0.0340312
0 0.124129 0.496057 0.0347414 0.0334133
0 0.877074 0.120217 0.0349358 0.0345749
0 0.122935 0.123934 0.035146 0.0349262
0 0.877167 0.68468 0.0337954 0.0340873
0 0.123371 0.304631 0.0352168 0.0336412
0 0.313682 0.125286 0.0339597 0.0343419
0 0.696203 0.122443 0.0342511 0.0347729
