0 0.313962 0.879978 0.0343661 0.034531
0 0.120566 0.302348 0.0341009 0.034305
0 0.121203 0.687335 0.0344952 0.0348364
0 0.878339 0.301682 0.0347019 0.0338263
0 0.124088 0.878875 0.0345545 0.0349934
0 0.877801 0.120656 0.0340496 0.0341516
0 0.31256 0.122288 0.0341511 0.0348647
0 0.122103 0.122356 0.0341372 0.0339034
0 0.696874 0.878546 0.0338584 0.0335918
0 0.506642 0.878713 0.0341371 0.0347589
0 0.121047 0.494774 0.0342218 0.0335048
0 0.697699 0.120739 0.0338441 0.0345832
0 0.879679 0.877379 0.0346569 0.0347935
0 0.504936 0.120543 0.0341947 0.0352806
0 0.880714 0.685779 0.0339207 0.0346735
0 0.878826 0.494245 0.0343693 0.0342099
