0 0.805967 0.306722 0.024602 0.0342743
0 0.806654 0.12914 0.0243019 0.0335268
0 0.804657 0.492645 0.0241018 0.0320564
0 0.264314 0.496984 0.0238582 0.033077
0 0.674866 0.130895 0.0245245 0.0341077
0 0.266494 0.676752 0.0237331 0.0324094
0 0.395451 0.137203 0.0236746 0.0347192
0 0.534684 0.133079 0.0248274 0.033605
0 0.258446 0.139026 0.0225388 0.0333373
0 0.403039 0.854229 0.0226231 0.0317
0 0.260601 0.313545 0.023691 0.0327817
0 0.270665 0.853235 0.022346 0.0318436
0 0.803636 0.674176 0.0238381 0.0319251
0 0.800387 0.852421 0.0226915 0.0322795
0 0.67221 0.854128 0.023229 0.031543
0 0.537247 0.853336 0.0227087 0.031815
