0 0.381401 0.825956 0.0223737 0.0317027
0 0.25121 0.654931 0.0227653 0.0316414
0 0.639246 0.140211 0.0223591 0.0313351
0 0.763254 0.304632 0.0219963 0.0321073
0 0.248915 0.308244 0.0226758 0.0318588
0 0.639464 0.825401 0.0215685 0.0314177
0 0.25333 0.825836 0.0222915 0.0309694
0 0.76254 0.824092 0.0214878 0.0300382
0 0.764019 0.651436 0.0227883 0.0316424
0 0.248875 0.145243 0.0224626 0.032263
0 0.250546 0.481743 0.0233262 0.031942
0 0.37776 0.143927 0.0217359 0.0331823
0 0.762452 0.139554 0.0219161 0.0313969
0 0.508333 0.141605 0.022242 0.0335242
0 0.762666 0.479116 0.0223402 0.0313602
0 0.510702 0.824929 0.0216977 0.0319812
0 0.381401 0.825956 0.0223737 0.0317027
0 0.25121 0.654931 0.0227653 0.0316414
0 0.639246 0.140211 0.0223591 0.0313351
0 0.763254 0.304632 0.0219963 0.0321073
0 0.248915 0.308244 0.0226758 0.0318588
0 0.639464 0.825401 0.0215685 0.0314177
0 0.25333 0.825836 0.0222915 0.0309694
0 0.76254 0.824092 0.0214878 0.0300382
0 0.764019 0.651436 0.0227883 0.0316424
0 0.248875 0.145243 0.0224626 0.032263
0 0.250546 0.481743 0.0233262 0.031942
0 0.37776 0.143927 0.0217359 0.0331823
0 0.762452 0.139554 0.0219161 0.0313969
0 0.508333 0.141605 0.022242 0.0335242
0 0.762666 0.479116 0.0223402 0.0313602
0 0.510702 0.824929 0.0216977 0.0319812
