0 0.243079 0.303225 0.0235403 0.031596
0 0.24525 0.479476 0.0230005 0.0321168
0 0.508228 0.13561 0.0229694 0.0335847
0 0.505356 0.823982 0.0221903 0.0306456
0 0.764927 0.306007 0.0228623 0.0328697
0 0.242543 0.135394 0.0230317 0.032858
0 0.75487 0.826553 0.0202045 0.0279907
0 0.766697 0.136513 0.0224978 0.0325494
0 0.376675 0.823953 0.021817 0.0309799
0 0.761625 0.4826 0.0232005 0.0321825
0 0.374461 0.136038 0.0228103 0.033012
0 0.246295 0.653055 0.0229225 0.0318962
0 0.641787 0.136245 0.0229612 0.0327904
0 0.633805 0.825116 0.0219332 0.0306284
0 0.248856 0.822288 0.022992 0.0314985
0 0.759994 0.655501 0.0227319 0.0312399
