0 0.749096 0.136681 0.0233261 0.0325778
0 0.750342 0.308197 0.0238073 0.033469
0 0.750097 0.489605 0.0238125 0.0329978
0 0.212876 0.491716 0.023314 0.0335897
0 0.21236 0.309225 0.0236143 0.0324629
0 0.213494 0.139905 0.0234128 0.0333852
0 0.21276 0.67416 0.0236175 0.0332151
0 0.486806 0.854246 0.0237252 0.0330844
0 0.348774 0.138886 0.0238823 0.0338649
0 0.214743 0.855253 0.0234823 0.0324941
0 0.349966 0.856065 0.0237173 0.0326585
0 0.751796 0.670074 0.0241057 0.033852
0 0.621508 0.136918 0.0232429 0.032988
0 0.622681 0.853883 0.0234172 0.0320771
0 0.750993 0.851436 0.0237177 0.0339427
0 0.484878 0.136813 0.023171 0.033605
